1,0.065522,0.4575,1.4054,1.905,2.7127,0.72192,0.16803,190.65,829
2,0.36519,0.10468,4.3143,0.87345,2.1636,0.94994,1.255,116.98,1055
3,0.21296,0.67387,2.6962,1.6915,1.7968,0.074363,0.065573,154.75,1456
4,0.9712,0.72639,4.1167,1.3377,4.9328,0.49149,0.56521,124.52,1617
5,0.058482,0.18663,1.4465,1.5736,3.2251,0.12248,-0.03027,192.65,1816
6,0.36769,0.82948,1.4777,1.9207,2.2588,0.12372,-0.18755,178.27,1829
7,0.033845,0.0099957,2.1671,1.7057,2.3963,0.32786,-0.049716,194.3,1964
8,0.8223,0.74235,4.8806,2.0758,3.7953,0.69114,0.92477,114.89,1973
9,0.025393,0.0093334,1.9698,2.0097,2.1401,0.64319,0.14875,191.88,1974
10,0.05708,0.011763,2.7796,1.979,2.0783,0.071126,-0.65155,149.91,1976
11,0.041196,0.082127,2.0692,2.3591,1.4915,0.21296,-0.1978,182.31,1982
12,0.49057,0.48485,0.69444,0.84051,4.5247,0.43636,1.024,152.15,2002
13,0.59395,0.96638,2.4457,1.2863,2.6958,0.92568,0.7724,161.86,2006
14,0.030915,0.0094824,1.9614,1.2878,3.1963,0.52895,-0.13237,192.37,2007
15,0.048298,0.072775,1.0623,1.4095,3.7647,0.056688,1.0863,153.96,2010
16,0.0016439,0.53377,1.9823,1.9606,1.9427,0.39177,-0.16541,191.51,2012
17,0.095907,0.024137,1.4458,1.7179,3.3528,0.84373,-0.39237,135.47,2059
18,0.99637,0.99438,0.86037,2.3804,0.81557,0.96416,-0.52668,160.22,2075
19,0.018625,0.067326,1.5445,1.8531,2.7139,0.34231,0.049247,175.77,2076
20,0.47025,0.9748,1.4498,1.0625,1.9394,0.92462,0.15863,186.09,2083
21,0.64088,0.9832,2.2279,4.2227,3.1919,0.98583,0.77443,119.17,2102
22,0.63673,0.85694,2.3654,2.687,2.3979,0.9798,0.69645,138.21,1236
23,0.10509,0.57412,1.7441,1.6939,2.6284,0.046175,-0.10181,196.99,1237
24,0.60863,0.18624,4.7749,0.83911,2.4537,0.85362,0.71996,133.4,1238
25,0.98244,0.76866,4.4242,1.118,5.0806,0.54119,1.2512,110.15,1275
26,0.10103,0.21735,1.6835,1.7109,2.8271,0.089565,-0.21135,187.07,1363
27,0.04839,0.64832,1.93,1.8093,2.1536,0.057898,0.098941,170.51,1364
28,0.023669,0.068295,2.2063,2.2549,1.4872,0.80419,-0.33617,198.47,1385
29,0.76808,0.27253,3.138,1.1907,1.5162,0.46094,2.4042,110.34,1506
30,0.54267,0.29528,2.0428,1.1249,3.1033,0.76404,0.56936,153.38,1600
31,0.0018553,0.52313,1.9743,1.9462,1.9707,0.34789,-0.30087,182.21,1834
32,0.078554,0.031777,3.037,2.0211,1.1303,0.087369,-0.39262,182.68,1835
33,0.11391,0.039511,3.2591,1.1684,2.0164,0.51846,-0.1669,178.76,1864
34,0.54279,0.56293,3.2431,1.3074,2.8928,0.38732,1.4383,143.82,1906
35,0.036158,0.03281,2.1898,2.7907,1.0678,0.86038,-0.50687,193.05,1907
36,0.62448,0.43132,5.2709,1.1197,2.1864,0.27906,0.92446,162.3,1949
37,0.6525,0.81688,1.2728,3.1538,2.2519,0.38505,1.0711,150.97,1955
38,0.97583,0.99514,2.3511,1.4055,3.3561,0.99263,0.3404,141.71,1956
39,0.82501,0.98102,1.0916,1.2056,2.6352,0.9002,0.82912,141.76,1963
40,0.30258,0.098487,1.5485,3.7526,2.3264,0.97003,0.42089,141.3,2009
41,0.30697,0.34978,2.7802,1.7083,1.3678,0.05407,0.87376,178.38,2077
42,0.98537,0.96803,6.133,1.1286,2.7258,0.45623,0.27462,133.35,2079
43,0.17538,0.10608,1.7198,2.6414,1.9223,0.73138,0.76478,135.05,2081
44,0.063924,0.028684,1.3307,1.2111,3.9245,0.41155,-0.75613,172.32,2082
45,0.87324,0.37802,3.1472,2.5657,2.2401,0.95622,1.3537,117.2,2089
46,0.0021297,0.52194,1.973,1.987,1.9322,0.46226,-0.21677,199.44,2091
47,0.76848,0.53319,3.9862,1.906,2.9066,0.30971,1.5978,110.99,2095
48,0.11951,0.39771,1.8122,1.9808,2.297,0.56436,0.35282,174.54,2105
49,0.10278,0.15666,1.6677,1.7658,2.1427,0.69018,-0.51801,188.89,2119
50,0.0044446,0.43303,1.9728,1.9477,2.0075,0.40074,0.044829,191.76,2125
51,0.78709,0.91316,2.8346,0.7712,2.6247,0.088006,0.94957,154.8,2139
52,0.72268,0.22465,3.5126,1.1251,1.7824,0.50969,0.62275,153.86,2140
53,0.38753,0.54347,2.9237,1.9136,1.5544,0.30498,-0.030173,153.9,2148
54,0.11771,0.29007,1.9421,1.3318,3.3987,0.77982,1.0962,162.39,2151
55,0.81865,0.42614,3.75,0.94796,3.5816,0.67644,2.2781,98.453,2152
56,0.84207,0.99117,3.4395,2.1154,3.0896,0.99212,1.2853,110.65,2153
57,0.36588,0.097933,3.5075,1.2246,1.7198,0.3249,1.025,138.5,2159
58,0.7564,0.50771,3.0996,1.3828,2.7439,0.41404,1.0182,135.15,2162
59,0.3932,0.49274,1.0426,2.4329,3.0531,0.33322,0.30333,179.6,2169
60,0.071497,0.0094214,1.6749,1.4675,3.859,0.29505,-0.58306,98.725,2197
61,0.024819,0.032728,1.9176,2.3083,1.9387,0.78094,-0.16675,192.49,2243
62,0.84043,0.99565,2.3621,0.87764,5.1532,0.99668,1.0633,132.84,2246
63,0.39103,0.40501,0.90113,1.2987,4.1079,0.51361,1.3304,151.2,2251
64,0.27911,0.28302,1.7907,2.9513,0.7818,0.81727,0.97821,169.34,2253
65,0.030661,0.071144,1.7915,1.6027,2.6358,0.57539,0.5944,192.46,2254
66,0.99138,0.97288,2.8281,0.95566,1.8971,0.99222,0.8295,146.99,2278
67,0.74929,0.72009,2.1343,1.7642,4.3303,0.45736,0.45281,130.85,2291
68,0.99333,0.99183,3.1631,1.1862,2.567,0.62545,1.2771,131.3,2292
69,0.091172,0.6673,1.9071,1.7461,2.214,0.25282,-0.20397,199.91,2293
70,0.43343,0.34319,2.0626,1.4896,2.9403,0.76776,2.4712,95.7,2298
71,0.98428,0.99174,1.7416,3.6835,1.6066,0.84432,0.91578,131.92,2299
72,0.64201,0.28643,3.1943,1.2219,2.1722,0.41829,2.8424,104.35,2300
73,0.044369,0.52793,1.8854,1.9956,2.1095,0.65554,-0.268,196.68,2302
74,0.69876,0.43227,1.0286,0.78754,4.4467,0.84142,-0.011601,133.97,2303
